Accuracy=0.9223958333333333
Precision=0.9216697936210131
Recall=0.9375
Specificity=0.904243119266055
F=0.9295175023651845
